-5.589074323892595396e-06
1.042766756836251287e-04
1.568310846909483358e-04
-2.097316494019451231e-05
-2.024923773982222638e-04
-2.821205036534259338e-05
3.661911186602364535e-04
4.170195984280196215e-04
-2.995825257154833860e-05
-3.613234634923303277e-04
-2.165570654503596031e-05
6.008369758144712107e-04
6.386452910709520311e-04
1.200332769153994083e-05
-3.827496911542467811e-04
5.307497620970169188e-05
7.329351427896295011e-04
7.379061734486276180e-04
1.499916938036593885e-04
-1.328256071098929197e-04
2.414346197612014040e-04
6.609296018620835957e-04
6.152373291821510793e-04
4.210409745584943095e-04
4.917813774942164954e-04
5.674166877329957183e-04
3.290880938017109233e-04
2.354650527878911605e-04
8.176933113525577555e-04
1.446922127952839088e-03
9.955086074766707292e-04
-1.818478193079196945e-04
-2.855848494594374377e-04
1.255538827783915469e-03
2.452110625222858695e-03
1.407660146560294747e-03
-6.135172542065435658e-04
-6.581279794687524111e-04
1.572082383703490892e-03
3.015376267934315093e-03
1.620575709026330019e-03
-5.981400354414136275e-04
-5.116659586852407996e-04
1.573798456988539192e-03
2.612701980130613215e-03
1.451377528447068879e-03
1.566003082823883442e-04
4.025276058009867033e-04
1.122988747682005396e-03
9.759465533325070892e-04
8.114687074305502058e-04
1.633387826204918750e-03
1.981257600652070773e-03
2.279951853802837842e-04
-1.642718711092219872e-03
-2.161823663866020045e-04
3.345831410093075015e-03
3.641074058402895587e-03
-9.143373458179635503e-04
-4.394623611133368149e-03
-1.366547081572483868e-03
4.377882438210276700e-03
4.407268099320350331e-03
-1.964414510136280271e-03
-6.058791232988035985e-03
-2.277444515013834093e-03
3.675679207128473066e-03
3.252472281470368889e-03
-2.578276152067578587e-03
-5.549408259881397250e-03
-2.655420870035432070e-03
5.262253736245790401e-04
-4.060829222546717123e-04
-2.595322483987410212e-03
-2.535945268568340696e-03
-2.461953020986248561e-03
-4.957827828816169929e-03
-6.248418242037323718e-03
-2.195322180080599723e-03
2.097472657517545150e-03
-2.033288881565270285e-03
-1.157884213880197230e-02
-1.286270459268991362e-02
-1.939774992306004739e-03
6.216558830085539868e-03
-2.058474008055714757e-03
-1.720029684351157689e-02
-1.798230785032798457e-02
-2.648143711769648367e-03
6.949082403903637621e-03
-3.389889714092935921e-03
-1.933109402001022964e-02
-1.914488907090893324e-02
-5.125070579491348803e-03
1.645314457946536746e-03
-6.731575934078576698e-03
-1.599198518049459172e-02
-1.458177148502225358e-02
-9.824308512760164536e-03
-1.102873407778816144e-02
-1.231284102160078511e-02
-6.558834961708942882e-03
-4.014188439108041725e-03
-1.657726457445627549e-02
-3.028946341210779838e-02
-1.967859716076593435e-02
7.759379239440617783e-03
1.097593188633600586e-02
-2.450628848164168594e-02
-5.308902991891476658e-02
-2.769816942480239283e-02
2.404494788401059790e-02
2.720145004811063208e-02
-3.218296532353401990e-02
-7.476640040631470085e-02
-3.481831513583811405e-02
3.841987697657319595e-02
4.072380466794337656e-02
-3.800055202064147458e-02
-9.033683486762968118e-02
-3.949231195815563339e-02
4.719686419303325414e-02
4.804060321306676679e-02
-4.064352243512273782e-02
9.039980705994993260e-01
-4.064352243512273782e-02
4.804060321306677372e-02
4.719686419303325414e-02
-3.949231195815563339e-02
-9.033683486762968118e-02
-3.800055202064147458e-02
4.072380466794337656e-02
3.841987697657319595e-02
-3.481831513583811405e-02
-7.476640040631470085e-02
-3.218296532353401990e-02
2.720145004811063208e-02
2.404494788401059790e-02
-2.769816942480239283e-02
-5.308902991891476658e-02
-2.450628848164168594e-02
1.097593188633600586e-02
7.759379239440617783e-03
-1.967859716076593435e-02
-3.028946341210779838e-02
-1.657726457445627549e-02
-4.014188439108041725e-03
-6.558834961708942882e-03
-1.231284102160078511e-02
-1.102873407778816144e-02
-9.824308512760164536e-03
-1.458177148502225358e-02
-1.599198518049459172e-02
-6.731575934078577565e-03
1.645314457946536746e-03
-5.125070579491348803e-03
-1.914488907090893324e-02
-1.933109402001022964e-02
-3.389889714092936355e-03
6.949082403903639356e-03
-2.648143711769647933e-03
-1.798230785032798457e-02
-1.720029684351157689e-02
-2.058474008055714757e-03
6.216558830085539868e-03
-1.939774992306005389e-03
-1.286270459268991709e-02
-1.157884213880197057e-02
-2.033288881565269417e-03
2.097472657517545150e-03
-2.195322180080599723e-03
-6.248418242037323718e-03
-4.957827828816171664e-03
-2.461953020986248995e-03
-2.535945268568341564e-03
-2.595322483987409345e-03
-4.060829222546716039e-04
5.262253736245789317e-04
-2.655420870035432070e-03
-5.549408259881397250e-03
-2.578276152067578587e-03
3.252472281470369757e-03
3.675679207128474801e-03
-2.277444515013833225e-03
-6.058791232988035118e-03
-1.964414510136280271e-03
4.407268099320350331e-03
4.377882438210278435e-03
-1.366547081572483868e-03
-4.394623611133369884e-03
-9.143373458179639840e-04
3.641074058402894720e-03
3.345831410093074148e-03
-2.161823663866020045e-04
-1.642718711092219872e-03
2.279951853802838655e-04
1.981257600652071207e-03
1.633387826204919400e-03
8.114687074305498805e-04
9.759465533325067639e-04
1.122988747682005179e-03
4.025276058009867033e-04
1.566003082823883442e-04
1.451377528447068879e-03
2.612701980130613215e-03
1.573798456988540276e-03
-5.116659586852405827e-04
-5.981400354414136275e-04
1.620575709026330019e-03
3.015376267934315093e-03
1.572082383703490892e-03
-6.581279794687524111e-04
-6.135172542065439995e-04
1.407660146560295398e-03
2.452110625222857394e-03
1.255538827783915469e-03
-2.855848494594374377e-04
-1.818478193079196945e-04
9.955086074766707292e-04
1.446922127952839088e-03
8.176933113525585144e-04
2.354650527878912960e-04
3.290880938017107064e-04
5.674166877329957183e-04
4.917813774942164954e-04
4.210409745584943095e-04
6.152373291821510793e-04
6.609296018620835957e-04
2.414346197612014854e-04
-1.328256071098928113e-04
1.499916938036593072e-04
7.379061734486276180e-04
7.329351427896295011e-04
5.307497620970169188e-05
-3.827496911542467811e-04
1.200332769153994591e-05
6.386452910709523563e-04
6.008369758144708854e-04
-2.165570654503596031e-05
-3.613234634923303277e-04
-2.995825257154833860e-05
4.170195984280196215e-04
3.661911186602364535e-04
-2.821205036534261371e-05
-2.024923773982223994e-04
-2.097316494019449876e-05
1.568310846909483358e-04
1.042766756836251287e-04
-5.589074323892595396e-06
